wheel base,length,width,height,curb weight,number of cylinders,engine size,bore,stroke,compression ratio,horsepower,peak rpm,city mpg,highway mpg,price
-1.6791170695967677,-0.4373780973479414,-0.8375931099509212,-2.111809604454282,-0.020963729343227565,-0.40772872360881063,0.04975485457309286,0.5172237024789794,-1.8156042283304936,-0.29417585946034414,0.20407341376167057,-0.21245624555324025,-0.6833460450992622,-0.5624320389533188,0.03065721147530431
-1.6791170695967677,-0.4373780973479414,-0.8375931099509212,-2.111809604454282,-0.020963729343227565,-0.40772872360881063,0.04975485457309286,0.5172237024789794,-1.8156042283304936,-0.29417585946034414,0.20407341376167057,-0.21245624555324025,-0.6833460450992622,-0.5624320389533188,0.40365583059912447
-0.7169573980303391,-0.24501558484081612,-0.1810817145544085,-0.6097930468789164,0.5031295042374616,1.5554095752484243,0.580720839942666,-2.3886228098071864,0.6994018985853943,-0.29417585946034414,1.3395449296154243,-0.21245624555324025,-0.9957785862349157,-0.7088596058370267,0.40365583059912447
0.14735552727509554,0.18780006830022034,0.1471739831438478,0.1829379140636367,-0.4230861740178654,-0.40772872360881063,-0.4570763132796815,-0.5126965803566246,0.47655325442828933,-0.047998309916240336,-0.03358341513795229,0.8553006586447435,-0.21469723339578214,-0.12314933830219538,0.08713453982849505
0.08212436310110184,0.18780006830022034,0.24096132534335057,0.1829379140636367,0.5050352978141186,0.5738404258198068,0.19456375967388553,-0.5126965803566246,0.47655325442828933,-0.540353409004448,0.30969867105039184,0.8553006586447435,-1.1519948568027425,-1.2945698733718578,0.5215755271607315
0.14735552727509554,0.24390580111480045,0.19406765424359584,-0.3177342717948165,-0.09910126598616667,0.5738404258198068,0.19456375967388553,-0.5126965803566246,0.47655325442828933,-0.41726463423239607,0.17766709943949024,0.8553006586447435,-0.9957785862349157,-0.8552871727207345,0.24849833512332573
1.125822989885022,1.478231923035531,2.5856448803308862,0.7670554642318365,0.5431511693472597,0.5738404258198068,0.19456375967388553,-0.5126965803566246,0.47655325442828933,-0.41726463423239607,0.17766709943949024,0.8553006586447435,-0.9957785862349157,-0.8552871727207345,0.5538482862196976
1.125822989885022,1.478231923035531,2.5856448803308862,0.7670554642318365,0.7527884627795354,0.5738404258198068,0.19456375967388553,-0.5126965803566246,0.47655325442828933,-0.41726463423239607,0.17766709943949024,0.8553006586447435,-0.9957785862349157,-0.8552871727207345,0.7040407418402708
1.125822989885022,1.478231923035531,2.5856448803308862,0.8505008285415772,1.0043532148982661,0.5738404258198068,0.07388967208989164,-0.7333937838213969,0.47655325442828933,-0.46650014414121665,0.9698565291048997,0.8553006586447435,-1.3082111273705692,-1.5874250071392735,1.319085053906337
0.3756646018840793,0.20383027767581563,-0.5093374122526648,0.1829379140636367,-0.31255014657175645,-0.40772872360881063,-0.48121113079648026,0.6275723042113647,-1.4335779812040308,-0.3434113693691647,-0.0599897294601326,1.4959548011635337,-0.37091350396360884,-0.2695769051859032,0.3949670108524797
0.3756646018840793,0.20383027767581563,-0.5093374122526648,0.1829379140636367,-0.31255014657175645,-0.40772872360881063,-0.48121113079648026,0.6275723042113647,-1.4335779812040308,-0.3434113693691647,-0.0599897294601326,1.4959548011635337,-0.37091350396360884,-0.2695769051859032,0.456409379060896
0.3756646018840793,0.20383027767581563,-0.5093374122526648,0.1829379140636367,0.28777483007521476,1.5554095752484243,0.8703386501442514,-0.07130217342708002,-0.1919926780430225,-0.29417585946034414,0.46813655698347373,-1.814091601850216,-0.6833460450992622,-0.416004472069611,0.9584990344205807
0.3756646018840793,0.20383027767581563,-0.5093374122526648,0.1829379140636367,0.3925934767913526,1.5554095752484243,0.8703386501442514,-0.07130217342708002,-0.1919926780430225,-0.29417585946034414,0.46813655698347373,-1.814091601850216,-0.6833460450992622,-0.416004472069611,0.975256043931967
0.7507437958845506,1.1816730495870442,0.47542968084210413,0.7670554642318365,0.9452736140218976,1.5554095752484243,0.8703386501442514,-0.07130217342708002,-0.1919926780430225,-0.29417585946034414,0.46813655698347373,-1.814091601850216,-0.8395623156670889,-0.8552871727207345,1.404731991408978
0.7507437958845506,1.1816730495870442,0.47542968084210413,0.7670554642318365,1.2787874899368816,1.5554095752484243,1.9564054384001963,1.0689667111409094,0.444717733834418,-0.540353409004448,2.078921730636473,0.6417492778051468,-1.4644273979383957,-1.2945698733718578,2.1736925389870363
0.7507437958845506,1.5663980746012993,0.9443663918396112,-0.06739817886558842,1.5646565264354393,1.5554095752484243,1.9564054384001963,1.0689667111409094,0.444717733834418,-0.540353409004448,2.078921730636473,0.6417492778051468,-1.4644273979383957,-1.2945698733718578,3.483842430784681
1.810750213711971,1.8228814246108014,2.3511765248321326,1.0173915571610617,1.8028807235175708,1.5554095752484243,1.9564054384001963,1.0689667111409094,0.444717733834418,-0.540353409004448,2.078921730636473,0.6417492778051468,-1.6206436685062224,-1.5874250071392735,2.933343636836547
-1.7117326516837634,-2.6575620958677018,-2.619552611741447,-0.27601158963994465,-2.041104920599702,-1.3892978730374281,-1.615547554086023,-1.5426168631922268,-0.7013610075449749,-0.17108708468829223,-1.4595243885356894,0.001095135286356508,3.3782769896642324,3.2446847000230843,-1.0050501023247473
-0.7169573980303391,-1.47132660207375,-1.0720614654496714,-0.7766837754984007,-1.3054686000100804,-0.40772872360881063,-0.9156378460988583,-1.101222456262684,-0.4466768427939987,-0.14646932973388194,-0.8785854734477224,0.6417492778051468,1.9723305545537917,1.7804090311860061,-0.8630499624652964
-0.7169573980303391,-1.2388885661276376,-1.0720614654496714,-0.7766837754984007,-1.2387658248270834,-0.40772872360881063,-0.9156378460988583,-1.101222456262684,-0.4466768427939987,-0.14646932973388194,-0.8785854734477224,0.6417492778051468,1.9723305545537917,1.7804090311860061,-0.8282946834787175
-0.8474197263783287,-1.3591151364445921,-0.9782741232501719,-1.2773559613568568,-1.3016570128567662,-0.40772872360881063,-0.9156378460988583,-1.3219196597274545,-0.0646505956675344,-0.19324306414726156,-0.9313981020920831,0.8553006586447435,1.8161142839859652,1.4875538974185907,-0.9527930578484983
-0.8474197263783287,-1.3591151364445921,-0.9782741232501719,-1.2773559613568568,-1.3016570128567662,-0.40772872360881063,-0.9156378460988583,-1.3219196597274545,-0.0646505956675344,-0.19570483964270252,-0.9313981020920831,0.8553006586447435,0.8788166605790049,1.0482711967674672,-0.8528716307620839
-0.8474197263783287,-1.3591151364445921,-0.9782741232501719,-1.2773559613568568,-0.8213970315391892,-0.40772872360881063,-0.722559305964468,-1.101222456262684,0.444717733834418,-0.6388244288220896,-0.03358341513795229,0.8553006586447435,-0.21469723339578214,-0.12314933830219538,-0.6567525564806744
-0.8474197263783287,-1.3591151364445921,-0.9782741232501719,-1.3608013256665976,-1.1282297973809745,-0.40772872360881063,-0.9156378460988583,-1.3219196597274545,-0.0646505956675344,-0.19570483964270252,-0.9313981020920831,0.8553006586447435,0.8788166605790049,1.0482711967674672,-0.8712422782264185
-0.8474197263783287,-1.3591151364445921,-0.9782741232501719,-1.3608013256665976,-1.0863023386945194,-0.40772872360881063,-0.9156378460988583,-1.3219196597274545,-0.0646505956675344,-0.19570483964270252,-0.9313981020920831,0.8553006586447435,0.8788166605790049,1.0482711967674672,-0.8137719419021827
-0.8474197263783287,-1.3591151364445921,-0.9782741232501719,-1.3608013256665976,-1.0863023386945194,-0.40772872360881063,-0.9156378460988583,-1.3219196597274545,-0.0646505956675344,-0.19570483964270252,-0.9313981020920831,0.8553006586447435,0.8788166605790049,1.0482711967674672,-0.6999484032211367
-0.8474197263783287,-1.3591151364445921,-0.9782741232501719,-1.3608013256665976,-0.7013320362097949,-0.40772872360881063,-0.722559305964468,-1.101222456262684,0.444717733834418,-0.6388244288220896,-0.03358341513795229,0.8553006586447435,-0.21469723339578214,-0.12314933830219538,-0.5821528326559103
0.7181282137975527,0.027497974544281083,-0.6031247544521676,2.477685432581555,-0.04573904583976923,-0.40772872360881063,-0.14332368556129738,0.039046428305305296,0.6675663779915215,-0.41726463423239607,-0.4032718156484767,-0.21245624555324025,-0.21469723339578214,-0.12314933830219538,-0.5370950959697384
-0.4886483234213553,-0.08471349108487686,0.19406765424359584,-1.5276920542860821,0.48025998131757697,-0.40772872360881063,0.6772601100098611,0.9954009766526518,2.068329284121889,-0.7865309585485518,1.1018881007158012,-0.21245624555324025,-0.9957785862349157,-1.0017147396044424,-0.035253692602814996
-2.005272890466743,-2.377033431794808,-0.9313804521504205,-1.2773559613568568,-1.6123013658518655,-0.40772872360881063,-0.8673682110652607,-1.5426168631922268,0.5083887750221621,-0.14646932973388194,-1.1954612453138862,-0.6395590072324338,3.6907095307998854,3.3911122669067923,-0.8402107791312589
-2.005272890466743,-2.377033431794808,-0.9313804521504205,-1.2773559613568568,-1.4102872467262182,-0.40772872360881063,-0.8673682110652607,-1.5426168631922268,0.5083887750221621,-0.24494034955152355,-0.7201475875146405,1.9230575628427273,0.8788166605790049,1.0482711967674672,-0.7935394044921386
-0.8474197263783287,-1.9442177786537713,-0.8844867810506692,-0.5263476825691727,-1.375982962346391,-0.40772872360881063,-1.181120838783645,-1.5426168631922268,-0.5740189251694868,-0.02338055496183004,-1.1426486166695256,0.8553006586447435,1.9723305545537917,1.6339814643022985,-0.9742668552223489
-0.8474197263783287,-1.9442177786537713,-0.8844867810506692,-0.5263476825691727,-1.1796862239507149,-0.40772872360881063,-0.8673682110652607,-1.5426168631922268,0.5083887750221621,-0.24494034955152355,-0.7201475875146405,1.9230575628427273,0.7226003900111782,0.46256092923263586,-0.8340044793122269
-0.8474197263783287,-1.9442177786537713,-0.8844867810506692,-0.5263476825691727,-1.149193526724202,-0.40772872360881063,-0.8673682110652607,-1.5426168631922268,0.5083887750221621,-0.24494034955152355,-0.7201475875146405,1.9230575628427273,0.7226003900111782,0.46256092923263586,-0.7595288814838435
-0.39080157716036357,-0.8701937504889778,-0.8844867810506692,0.26638327837338033,-1.0462806735847212,-0.40772872360881063,-0.8673682110652607,-1.5426168631922268,0.5083887750221621,-0.24494034955152355,-0.7201475875146405,1.9230575628427273,0.7226003900111782,0.46256092923263586,-0.7389239660846574
-0.39080157716036357,-1.3751453458201874,-0.9313804521504205,1.8518452002584864,-1.0195995635115225,-0.40772872360881063,-0.8673682110652607,-1.505833995948099,0.5083887750221621,-0.24494034955152355,-0.7201475875146405,1.9230575628427273,0.7226003900111782,0.46256092923263586,-0.7389239660846574
-0.39080157716036357,-0.5415744582893028,-0.32176272785365934,-0.23428890748507578,-0.6155713252602276,-0.40772872360881063,-0.4329414957628827,-0.6598280493331394,1.0495926251179857,-0.29417585946034414,-0.45608444429283734,1.4959548011635337,0.253951578307698,0.3161333623489281,-0.664448368256274
-0.39080157716036357,-0.5415744582893028,-0.32176272785365934,-0.23428890748507578,-0.5145642656974039,-0.40772872360881063,-0.4329414957628827,-0.6598280493331394,1.0495926251179857,-0.29417585946034414,-0.45608444429283734,1.4959548011635337,0.253951578307698,0.3161333623489281,-0.5154971725995072
-0.39080157716036357,0.0916188120466577,-0.32176272785365934,0.09949254975389596,-0.4859773620475481,-0.40772872360881063,-0.4329414957628827,-0.6598280493331394,1.0495926251179857,-0.29417585946034414,-0.45608444429283734,1.4959548011635337,0.253951578307698,0.3161333623489281,-0.546528671694667
-0.39080157716036357,0.0916188120466577,-1.58789184754693,0.09949254975389596,-0.35638339883486864,-0.40772872360881063,-0.4329414957628827,-0.6598280493331394,1.0495926251179857,-0.29417585946034414,-0.45608444429283734,1.4959548011635337,0.253951578307698,0.3161333623489281,-0.36654597694274044
-0.39080157716036357,0.0916188120466577,-0.32176272785365934,0.09949254975389596,-0.17914459620576284,-0.40772872360881063,-0.4329414957628827,-0.6598280493331394,1.0495926251179857,-0.29417585946034414,-0.0599897294601326,1.4959548011635337,-0.21469723339578214,-0.416004472069611,-0.037612086534047136
-0.39080157716036357,-0.4133327832845519,0.05338664094434505,-1.1939105970471133,-0.5069410913907757,-0.40772872360881063,-0.4329414957628827,-0.6598280493331394,1.0495926251179857,-0.26955810450593387,-0.08639604378231291,0.8553006586447435,-0.05848096282795543,0.02327822858151244,-0.3603396771237085
-0.7495729801173371,-0.28509110827980094,-1.9161475452451862,-0.1508435431753321,-0.4230861740178654,-0.40772872360881063,-0.40880667824608397,-0.07130217342708002,-0.0646505956675344,-0.41726463423239607,-0.6673349588702799,-0.6395590072324338,-0.21469723339578214,-0.2695769051859032,-0.8022282242387833
-0.47234053237785745,-0.1328041192116582,-0.32176272785365934,-1.0270198684276288,0.333513875914984,-0.40772872360881063,-0.2157281381116937,0.3700922335024645,-0.0646505956675344,-0.24494034955152355,-0.3504591870041161,-0.21245624555324025,-0.21469723339578214,-0.2695769051859032,-0.2730791016681193
2.299983945016934,2.031274146493522,1.741558800535368,-0.442902318259432,2.8720309200221767,1.5554095752484243,3.139011496723337,1.105749578385037,2.927888340156433,-0.5157356540500376,1.9204838447033912,-0.7463346976522321,-1.6206436685062224,-1.7338525740229813,2.3586402735941885
2.299983945016934,2.031274146493522,1.741558800535368,-0.442902318259432,2.8720309200221767,1.5554095752484243,3.139011496723337,1.105749578385037,2.927888340156433,-0.5157356540500376,1.9204838447033912,-0.7463346976522321,-1.6206436685062224,-1.7338525740229813,2.7682560616502974
0.506126930232069,1.3980808761575614,2.210495511532875,-2.5290364260029943,2.6509588651299585,7.444824471820129,4.780179087865654,0.7747037731878795,-1.5609200635795188,0.32126801439991537,4.191426876410898,-0.21245624555324025,-1.9330762096418759,-2.026707707790397,2.8241127600215847
-0.9452664726393228,-1.2148432520642483,-0.7906994388511664,0.09949254975389596,-1.2749759027835674,-0.40772872360881063,-0.8915030285820595,-1.101222456262684,-0.3193347604185106,-0.29417585946034414,-0.9313981020920831,-0.21245624555324025,0.7226003900111782,0.02327822858151244,-0.9995885584839993
-0.9452664726393228,-1.2148432520642483,-0.7906994388511664,0.09949254975389596,-1.2559179670169969,-0.40772872360881063,-0.8915030285820595,-1.101222456262684,-0.3193347604185106,-0.29417585946034414,-0.9313981020920831,-0.21245624555324025,0.8788166605790049,1.0482711967674672,-0.8878751617414242
-0.9452664726393228,-1.2148432520642483,-0.7906994388511664,0.09949254975389596,-1.2463889991337116,-0.40772872360881063,-0.8915030285820595,-1.101222456262684,-0.3193347604185106,-0.29417585946034414,-0.9313981020920831,-0.21245624555324025,0.8788166605790049,1.0482711967674672,-0.8009869642749768
-0.9452664726393228,-0.5976801911038807,-0.7906994388511664,0.09949254975389596,-1.1701572560674296,-0.40772872360881063,-0.8915030285820595,-1.101222456262684,-0.3193347604185106,-0.29417585946034414,-0.9313981020920831,-0.21245624555324025,0.8788166605790049,1.0482711967674672,-0.8133995639130408
-0.9452664726393228,-0.5976801911038807,-0.7906994388511664,0.09949254975389596,-1.1606282881841443,-0.40772872360881063,-0.8915030285820595,-0.9173081200420395,-0.3193347604185106,-0.29417585946034414,-0.9313981020920831,-0.21245624555324025,0.8788166605790049,1.0482711967674672,-0.7265113664465935
-0.0157223831598922,0.2839813245537853,0.2878549964430986,-0.06739817886558842,-0.33160808233832695,-0.40772872360881063,-0.14332368556129738,0.22296076452594968,0.444717733834418,-0.39264687927798575,-0.508897072937198,-0.6395590072324338,0.09773530773987128,0.16970579546522027,-0.546528671694667
-0.0157223831598922,0.2839813245537853,0.2878549964430986,0.6836100999220928,-0.28396324292190067,-0.40772872360881063,-0.14332368556129738,0.22296076452594968,0.444717733834418,-0.39264687927798575,-0.508897072937198,-0.6395590072324338,0.09773530773987128,0.16970579546522027,-0.5899727704278906
-0.0157223831598922,0.2839813245537853,0.2878549964430986,-0.06739817886558842,-0.33160808233832695,-0.40772872360881063,-0.14332368556129738,0.22296076452594968,0.444717733834418,-0.39264687927798575,-0.508897072937198,-0.6395590072324338,0.09773530773987128,0.16970579546522027,-0.3293081780285487
-0.0157223831598922,0.2839813245537853,0.2878549964430986,0.6836100999220928,-0.28396324292190067,-0.40772872360881063,-0.14332368556129738,0.22296076452594968,0.444717733834418,-0.39264687927798575,-0.508897072937198,-0.6395590072324338,0.09773530773987128,0.16970579546522027,-0.3727522767617724
-0.0157223831598922,0.2839813245537853,0.2878549964430986,0.6836100999220928,-0.22107205489221798,-0.40772872360881063,-0.14332368556129738,0.22296076452594968,0.444717733834418,3.078456569293878,-1.0370233593808043,-0.9598860784918288,1.6598980134181385,1.6339814643022985,-0.304482978752421
-0.0157223831598922,0.2839813245537853,0.2878549964430986,0.6836100999220928,-0.2553763392720449,-0.40772872360881063,-0.14332368556129738,0.22296076452594968,0.444717733834418,-0.39264687927798575,-0.508897072937198,-0.6395590072324338,0.09773530773987128,0.16970579546522027,-0.2486262803811334
0.9790528704935344,0.05955839329546939,0.1002803120440931,0.2246605962185085,0.2115430870089327,-0.40772872360881063,0.29110302974108065,1.5839268525587096,-0.2874992398246379,-0.540353409004448,0.4417302426612934,-0.21245624555324025,-0.9957785862349157,-0.5624320389533188,0.6246001041566619
0.9790528704935344,0.05955839329546939,0.1002803120440931,0.2246605962185085,0.26871689430864426,-0.40772872360881063,0.146294124640288,0.3700922335024645,1.2406057486812179,2.9061322846130055,-0.8257728448033618,-1.9208672922700143,0.8788166605790049,1.194698763651175,0.6325441679250228
1.810750213711971,1.333960038655187,2.069814498233624,1.1008369214708054,1.8219386592841411,0.5738404258198068,1.3289001829634282,0.9218352421643944,1.2406057486812179,2.7830435098409536,0.5209491856278343,-1.6005402210106192,-0.5271297745314356,-0.8552871727207345,1.5272443498366686
1.810750213711971,1.333960038655187,2.069814498233624,2.018735928877974,2.2698001497985483,0.5738404258198068,1.3289001829634282,0.9218352421643944,1.2406057486812179,2.7830435098409536,0.5209491856278343,-1.6005402210106192,-0.5271297745314356,-0.8552871727207345,1.8618880360788712
1.272593109276512,1.0614464792700897,2.069814498233624,0.4332740069928647,1.7838227877510002,0.5738404258198068,1.3289001829634282,0.9218352421643944,1.2406057486812179,2.7830435098409536,0.5209491856278343,-1.6005402210106192,-0.5271297745314356,-0.8552871727207345,1.8529509643394653
2.7239865121479014,2.2717272871274306,2.726325893630137,1.0173915571610617,2.3079160213316894,0.5738404258198068,1.3289001829634282,0.9218352421643944,1.2406057486812179,2.7830435098409536,0.5209491856278343,-1.6005402210106192,-0.5271297745314356,-0.8552871727207345,2.277958375946773
2.7239865121479014,2.2717272871274306,2.726325893630137,1.1008369214708054,2.2507422140319777,3.5185478741056593,2.559775876320166,0.4804408352348499,-0.47851236338787,-0.46650014414121665,1.3659512439376045,-0.7463346976522321,-1.4644273979383957,-1.8802801409066892,2.5986999505943444
-0.3744937861168657,0.48435894174870936,2.163601840433127,-1.2773559613568568,2.14592356731584,3.5185478741056593,2.559775876320166,0.4804408352348499,-0.47851236338787,-0.46650014414121665,1.3659512439376045,-0.7463346976522321,-1.4644273979383957,-1.8802801409066892,2.7069378194382616
3.5882994374533386,2.7125580449562636,2.726325893630137,1.1842822857805488,2.555669186297106,3.5185478741056593,4.345752372563276,1.7310583215352244,0.3173756514589299,-0.540353409004448,2.1317343592808338,-1.280213149751224,-1.7768599390740492,-2.1731352746741046,3.439777702069554
2.1369060345819464,1.9992137277423336,2.867006906929388,0.641887417767221,2.2030973746155516,3.5185478741056593,4.249213102496081,1.7310583215352244,0.3173756514589299,-0.540353409004448,2.1317343592808338,-1.280213149751224,-1.7768599390740492,-2.1731352746741046,3.990897125999591
0.6202814675365609,0.3320719526805666,0.9912600629393593,0.3915513248379929,0.6689335454066251,-0.40772872360881063,0.29110302974108065,1.657492587046967,-0.414841322200126,-0.540353409004448,1.8940775303812107,-0.21245624555324025,-0.9957785862349157,-1.0017147396044424,0.4040282085882664
-0.8474197263783287,-1.3591151364445921,-0.6969120966516636,-1.2773559613568568,-1.22161368263717,-0.40772872360881063,-0.8673682110652607,-1.3219196597274545,-0.0646505956675344,-0.19570483964270252,-0.9313981020920831,0.8553006586447435,1.8161142839859652,1.4875538974185907,-0.9755081151861553
-0.8474197263783287,-1.3591151364445921,-0.6969120966516636,-1.2773559613568568,-1.1720630496440867,-0.40772872360881063,-0.8673682110652607,-1.3219196597274545,-0.0646505956675344,-0.19570483964270252,-0.9313981020920831,0.8553006586447435,0.8788166605790049,1.0482711967674672,-0.8762073180816441
-0.8474197263783287,-1.3591151364445921,-0.6969120966516636,-1.2773559613568568,-1.0577154350446636,-0.40772872360881063,-0.8673682110652607,-1.3219196597274545,-0.0646505956675344,-0.19570483964270252,-0.9313981020920831,0.8553006586447435,0.8788166605790049,1.0482711967674672,-0.8166268398189374
-0.9615742636828206,-1.3591151364445921,-0.9782741232501719,-1.2773559613568568,-0.7889985407360193,-0.40772872360881063,-0.722559305964468,-1.101222456262684,0.444717733834418,-0.6388244288220896,-0.03358341513795229,0.8553006586447435,-0.21469723339578214,-0.12314933830219538,-0.6900183235106856
-0.42341715924736156,-0.10074370046046988,-0.22797538565415656,-1.8614735115250538,-0.3601949859881827,-0.40772872360881063,-0.4329414957628827,-0.586262314844882,0.6675663779915215,-0.6634421837764999,0.33610498537257216,0.8553006586447435,-0.37091350396360884,-0.12314933830219538,-0.4082523117266351
-0.42341715924736156,-0.10074370046046988,-0.22797538565415656,-1.8614735115250538,-0.44023831620777887,-0.40772872360881063,-0.14332368556129738,0.07582929554943482,0.6675663779915215,-0.41726463423239607,-0.4032718156484767,-0.21245624555324025,-0.05848096282795543,0.16970579546522027,-0.5894762664423681
-0.4886483234213553,-0.08471349108487686,0.19406765424359584,-1.5276920542860821,0.522187440004032,-0.40772872360881063,0.6772601100098611,0.9218352421643944,1.9409872017464012,-0.7865309585485518,1.1018881007158012,-0.21245624555324025,-0.9957785862349157,-1.0017147396044424,-0.07683590139032906
-0.4886483234213553,-0.08471349108487686,0.19406765424359584,-1.5276920542860821,0.6898972747498526,-0.40772872360881063,0.6772601100098611,0.9586181094085223,1.9409872017464012,-0.7865309585485518,1.1018881007158012,-0.21245624555324025,-0.9957785862349157,-1.0017147396044424,0.20120633050230227
-0.4886483234213553,-0.08471349108487686,0.19406765424359584,-1.5276920542860821,0.6994262426331379,-0.40772872360881063,0.6772601100098611,0.9586181094085223,1.9409872017464012,-0.7865309585485518,1.1018881007158012,-0.21245624555324025,-0.9957785862349157,-1.0017147396044424,0.15403845187765947
-0.42341715924736156,-0.1488343285872512,-0.22797538565415656,-0.9435745041178851,-0.369723953871468,-0.40772872360881063,-0.14332368556129738,0.07582929554943482,0.6675663779915215,-0.41726463423239607,-0.4032718156484767,-0.21245624555324025,-0.05848096282795543,0.16970579546522027,-0.776906520977133
-0.42341715924736156,-0.1488343285872512,-0.22797538565415656,-0.9435745041178851,-0.29349221080518595,-0.40772872360881063,-0.14332368556129738,0.07582929554943482,0.6675663779915215,-0.41726463423239607,-0.4032718156484767,-0.21245624555324025,-0.05848096282795543,0.16970579546522027,-0.6279553253203661
-0.42341715924736156,-0.1488343285872512,-0.22797538565415656,-0.9435745041178851,-0.29730379795850004,-0.40772872360881063,-0.4329414957628827,-0.586262314844882,0.6675663779915215,-0.6634421837764999,0.33610498537257216,0.8553006586447435,-0.37091350396360884,-0.12314933830219538,-0.49265798926546966
-0.42341715924736156,-0.1488343285872512,-0.22797538565415656,-0.9435745041178851,-0.29730379795850004,-0.40772872360881063,-0.4329414957628827,-0.586262314844882,0.6675663779915215,-0.6634421837764999,0.33610498537257216,0.8553006586447435,-0.37091350396360884,-0.12314933830219538,-0.49265798926546966
-0.7169573980303391,-0.7179067614208351,-0.9782741232501719,0.26638327837338033,-1.2768816963602245,-0.40772872360881063,-0.7466941234812668,-0.6598280493331394,0.12636252789569774,-0.19570483964270252,-0.9049917877699027,0.21464651612595326,0.8788166605790049,0.9018436298837593,-0.9618542555842851
-0.7169573980303391,-0.7179067614208351,-0.9782741232501719,0.26638327837338033,-1.032940118548122,-0.40772872360881063,-0.6018852183804742,-1.248353925239197,0.6994018985853943,2.881514529658595,-1.274680188280427,-0.6395590072324338,3.065844448528579,2.805401999371961,-0.7632526613752626
-0.7169573980303391,-0.7179067614208351,-0.9782741232501719,0.26638327837338033,-1.22161368263717,-0.40772872360881063,-0.7466941234812668,-0.6598280493331394,0.12636252789569774,-0.19570483964270252,-0.9049917877699027,0.21464651612595326,0.8788166605790049,0.9018436298837593,-0.8191093597465502
-0.7169573980303391,-0.7179067614208351,-0.9782741232501719,0.26638327837338033,-1.183497811104029,-0.40772872360881063,-0.7466941234812668,-0.6598280493331394,0.12636252789569774,-0.19570483964270252,-0.9049917877699027,0.21464651612595326,0.8788166605790049,0.9018436298837593,-0.7942841604704224
-0.7169573980303391,-0.32516663171878574,-0.9782741232501719,-0.1508435431753321,-1.0195995635115225,-0.40772872360881063,-0.7466941234812668,-0.6598280493331394,0.12636252789569774,-0.19570483964270252,-0.9049917877699027,0.21464651612595326,0.8788166605790049,0.9018436298837593,-0.7322211622801029
-0.7169573980303391,-0.7179067614208351,-0.9782741232501719,0.26638327837338033,-1.1587224946074872,-0.40772872360881063,-0.7466941234812668,-0.6598280493331394,0.12636252789569774,-0.19570483964270252,-0.9049917877699027,0.21464651612595326,0.8788166605790049,0.9018436298837593,-0.7384274620991349
-0.7169573980303391,-0.6938614473574456,-0.9782741232501719,-0.23428890748507578,-1.0119763892048943,-0.40772872360881063,-0.7466941234812668,-0.6598280493331394,0.12636252789569774,-0.19570483964270252,-0.9049917877699027,0.21464651612595326,0.8788166605790049,0.9018436298837593,-0.6763644639088153
-0.7169573980303391,-0.7179067614208351,-0.9782741232501719,0.26638327837338033,-1.1206066230743463,-0.40772872360881063,-0.7466941234812668,-0.6598280493331394,0.12636252789569774,-0.19570483964270252,-0.9049917877699027,0.21464651612595326,0.8788166605790049,0.9018436298837593,-0.7136022628230071
-0.7169573980303391,-0.32516663171878574,-0.9782741232501719,-0.1508435431753321,-0.9948242470149808,-0.40772872360881063,-0.7466941234812668,-0.6598280493331394,0.12636252789569774,-0.19570483964270252,-0.9049917877699027,0.21464651612595326,0.8788166605790049,0.9018436298837593,-0.6515392646326875
-0.6191106517693473,-0.9503447973669475,-0.9782741232501719,-0.23428890748507578,-1.0500922607380354,-0.40772872360881063,-0.7466941234812668,-0.6598280493331394,0.12636252789569774,-0.19570483964270252,-0.9049917877699027,0.21464651612595326,0.8788166605790049,0.9018436298837593,-0.6205077655375278
-0.2766470398558717,-0.06868328170928156,-0.32176272785365934,0.349828642683124,-0.4478614905144071,-0.40772872360881063,-0.19159332059489492,0.002263561061177403,0.6994018985853943,-0.41726463423239607,-0.16561498674885386,0.21464651612595326,0.253951578307698,0.46256092923263586,-0.5336195680710806
-0.2766470398558717,-0.06868328170928156,-0.32176272785365934,0.349828642683124,-0.48978894920086224,-0.40772872360881063,-0.19159332059489492,0.002263561061177403,0.6994018985853943,-0.41726463423239607,-0.16561498674885386,0.21464651612595326,0.253951578307698,0.46256092923263586,-0.45914397024269715
0.2452022735360896,0.596570407377865,0.2878549964430986,0.5167193713026084,1.0215053570881796,1.5554095752484243,1.2806305479298306,0.3700922335024645,0.0626914867079537,-0.29417585946034414,1.2867323009710636,0.21464651612595326,-1.3082111273705692,-1.2945698733718578,0.031153715460826865
0.2452022735360896,0.8290084433239774,0.2878549964430986,0.9339461928513209,1.404569865996247,1.5554095752484243,1.2806305479298306,0.3700922335024645,0.0626914867079537,-0.29417585946034414,1.2867323009710636,0.21464651612595326,-1.3082111273705692,-1.2945698733718578,0.14286711220340195
0.2452022735360896,0.8290084433239774,0.2878549964430986,0.5167193713026084,0.9548025819051827,1.5554095752484243,1.2806305479298306,0.3700922335024645,0.0626914867079537,-0.29417585946034414,1.2867323009710636,0.21464651612595326,-0.9957785862349157,-0.8552871727207345,0.031153715460826865
-1.2388067114223003,-0.28509110827980094,0.9443663918396112,-1.7363054650604381,0.9757663112484104,1.5554095752484243,1.2806305479298306,0.3700922335024645,0.0626914867079537,-0.29417585946034414,1.497982815548506,0.21464651612595326,-0.9957785862349157,-0.8552871727207345,0.4904199020691911
-1.2388067114223003,-0.28509110827980094,0.9443663918396112,-1.7363054650604381,1.1053602744610898,1.5554095752484243,1.2806305479298306,0.3700922335024645,0.0626914867079537,-0.5895889189132688,2.554235388435719,0.21464651612595326,-1.3082111273705692,-1.1481423064881502,0.8007348930207886
0.049508781014103824,0.3400870573683631,0.9443663918396112,-1.7363054650604381,1.1053602744610898,1.5554095752484243,1.2806305479298306,0.3700922335024645,0.0626914867079537,-0.29417585946034414,1.497982815548506,0.21464651612595326,-0.9957785862349157,-0.8552871727207345,0.6393710977259579
1.4682866017984977,0.9973256417677132,1.178834747338365,1.1842822857805488,0.8785708388389007,-0.40772872360881063,-0.19159332059489492,0.4804408352348499,-0.1919926780430225,-0.44188238918680633,-0.16561498674885386,-0.21245624555324025,-0.9957785862349157,-1.0017147396044424,-0.16732375275181488
1.4682866017984977,0.9973256417677132,1.178834747338365,1.1842822857805488,1.2158963019071989,-0.40772872360881063,0.580720839942666,1.3632296490939388,0.8585795015547536,2.6599547350689017,-0.2184276153932145,-2.027642982689813,0.4101678488755247,0.3161333623489281,-0.005959957456984192
2.49567743753892,1.975168413678944,1.178834747338365,2.018735928877974,1.2787874899368816,-0.40772872360881063,-0.19159332059489492,0.4804408352348499,-0.1919926780430225,-0.44188238918680633,-0.16561498674885386,-0.21245624555324025,-0.9957785862349157,-1.0017147396044424,-0.10029571470626981
2.49567743753892,1.975168413678944,1.178834747338365,2.018735928877974,1.6599462052682918,-0.40772872360881063,0.580720839942666,1.3632296490939388,0.8585795015547536,2.6599547350689017,-0.2184276153932145,-2.027642982689813,-0.05848096282795543,-0.8552871727207345,0.07596320015423753
1.4682866017984977,0.9973256417677132,1.178834747338365,1.1842822857805488,0.9833894855550386,-0.40772872360881063,-0.19159332059489492,0.4804408352348499,-3.3755447374302223,-0.44188238918680633,-0.2184276153932145,-0.21245624555324025,-0.9957785862349157,-1.0017147396044424,0.2894599139289366
1.4682866017984977,0.9973256417677132,1.178834747338365,1.1842822857805488,1.3207149486233367,-0.40772872360881063,0.580720839942666,1.3632296490939388,0.8585795015547536,2.6599547350689017,-0.2184276153932145,-2.027642982689813,0.4101678488755247,0.3161333623489281,0.4533062291513801
2.49567743753892,1.975168413678944,1.178834747338365,1.1842822857805488,1.3836061366530195,-0.40772872360881063,-0.19159332059489492,0.4804408352348499,-3.3755447374302223,-0.44188238918680633,-0.2184276153932145,-0.21245624555324025,-0.9957785862349157,-1.0017147396044424,0.42786039989334906
2.49567743753892,1.975168413678944,1.178834747338365,2.018735928877974,1.7647648519844297,-0.40772872360881063,0.580720839942666,1.3632296490939388,0.8585795015547536,2.6599547350689017,-0.2184276153932145,-2.027642982689813,-0.05848096282795543,-0.8552871727207345,0.4750282785179919
1.4682866017984977,0.9973256417677132,1.178834747338365,1.1842822857805488,0.9833894855550386,-0.40772872360881063,-0.19159332059489492,0.4804408352348499,-0.1919926780430225,-0.44188238918680633,-0.16561498674885386,-0.21245624555324025,-0.9957785862349157,-1.0017147396044424,0.4197922101286075
1.4682866017984977,0.9973256417677132,1.178834747338365,1.1842822857805488,1.3207149486233367,-0.40772872360881063,0.580720839942666,1.3632296490939388,0.8585795015547536,2.6599547350689017,-0.2184276153932145,-2.027642982689813,0.4101678488755247,0.3161333623489281,0.583638525351051
1.4845943928419956,0.9973256417677132,1.1319410762386102,0.892223510696449,1.0882081322711763,-0.40772872360881063,0.146294124640288,1.0321838438967796,-0.12832163685527845,-0.7865309585485518,1.0226691577492604,1.0688520394843404,-1.1519948568027425,-1.0017147396044424,0.6084637246271788
-0.8474197263783287,-1.3591151364445921,-0.9782741232501719,-1.2773559613568568,-1.22161368263717,-0.40772872360881063,-0.9156378460988583,-1.3219196597274545,-0.0646505956675344,-0.19570483964270252,-0.9313981020920831,0.8553006586447435,1.8161142839859652,1.4875538974185907,-0.9527930578484983
-0.8474197263783287,-1.3591151364445921,-0.9782741232501719,-1.2773559613568568,-0.8213970315391892,-0.40772872360881063,-0.722559305964468,-1.101222456262684,0.444717733834418,-0.6388244288220896,-0.03358341513795229,0.8553006586447435,-0.21469723339578214,-0.12314933830219538,-0.6567525564806744
-0.8474197263783287,-1.3591151364445921,-0.9782741232501719,-1.3608013256665976,-1.1282297973809745,-0.40772872360881063,-0.9156378460988583,-1.3219196597274545,-0.0646505956675344,-0.19570483964270252,-0.9313981020920831,0.8553006586447435,0.8788166605790049,1.0482711967674672,-0.8712422782264185
-0.8474197263783287,-0.5576046676648959,-0.9782741232501719,-1.2773559613568568,-1.0863023386945194,-0.40772872360881063,-0.9156378460988583,-1.3219196597274545,-0.0646505956675344,-0.19570483964270252,-0.9313981020920831,0.8553006586447435,0.8788166605790049,1.0482711967674672,-0.8137719419021827
-0.8474197263783287,-0.5576046676648959,-0.9782741232501719,-1.2773559613568568,-0.7013320362097949,-0.40772872360881063,-0.722559305964468,-1.3219196597274545,-0.0646505956675344,-0.19570483964270252,-0.9313981020920831,0.8553006586447435,0.8788166605790049,1.0482711967674672,-0.6999484032211367
0.7181282137975527,0.027497974544281083,-0.6031247544521676,2.477685432581555,-0.04573904583976923,-0.40772872360881063,-0.14332368556129738,0.07582929554943482,0.6675663779915215,-0.41726463423239607,-0.4032718156484767,-0.21245624555324025,-0.21469723339578214,-0.12314933830219538,-0.5370950959697384
-0.4886483234213553,-0.08471349108487686,0.19406765424359584,-1.5276920542860821,0.49360053635417633,-0.40772872360881063,0.6772601100098611,0.9586181094085223,1.9409872017464012,-0.7865309585485518,1.1018881007158012,-0.21245624555324025,-0.9957785862349157,-1.0017147396044424,-0.06007889187894279
-0.7169573980303391,-0.4293629926601449,1.1319410762386102,-1.5276920542860821,0.4173687932878943,-0.40772872360881063,0.5565860224258672,2.2460184629530264,-0.4466768427939987,-0.17108708468829223,1.0490754720714408,0.8553006586447435,-0.9957785862349157,-0.5624320389533188,1.0885830786274904
-1.5323469502052778,-0.4293629926601449,-0.4155500700531621,-0.9435745041178851,0.37544133460143914,1.5554095752484243,1.5943831756482147,1.5103611180704537,-1.1152227752653106,-0.17108708468829223,2.739079588690981,1.7095061820031305,-1.3082111273705692,-0.8552871727207345,2.393147300588006
-1.5323469502052778,-0.4293629926601449,-0.4155500700531621,-0.9435745041178851,0.37544133460143914,1.5554095752484243,1.5943831756482147,1.5103611180704537,-1.1152227752653106,-0.17108708468829223,2.739079588690981,1.7095061820031305,-1.3082111273705692,-0.8552871727207345,2.5793362951589645
-1.5323469502052778,-0.4293629926601449,-0.4155500700531621,-0.9435745041178851,0.4592962519743494,1.5554095752484243,1.5943831756482147,1.5103611180704537,-1.1152227752653106,-0.17108708468829223,2.739079588690981,1.7095061820031305,-1.3082111273705692,-0.8552871727207345,2.9517142843008815
0.03320098997060366,0.9893105370799167,0.2878549964430986,0.9339461928513209,0.1886735640890481,-0.40772872360881063,-0.16745850307809615,0.7747037731878795,-0.5740189251694868,-0.21786081910167185,0.17766709943949024,0.32142220654575165,-0.6833460450992622,-0.416004472069611,-0.17353005257084683
0.03320098997060366,0.9893105370799167,0.2878549964430986,0.9339461928513209,0.259187926425359,-0.40772872360881063,-0.16745850307809615,0.7747037731878795,-0.5740189251694868,-0.22032259459711284,0.17766709943949024,0.32142220654575165,-0.6833460450992622,-0.416004472069611,-0.13380973372904234
0.03320098997060366,0.9893105370799167,0.2878549964430986,0.9339461928513209,0.2820574493452436,-0.40772872360881063,-0.16745850307809615,-2.903582951224988,-3.7575709845566863,-0.22032259459711284,0.17766709943949024,0.32142220654575165,-0.6833460450992622,-0.416004472069611,0.22243187588339156
0.03320098997060366,0.9893105370799167,0.2878549964430986,0.9339461928513209,0.3792529217547532,-0.40772872360881063,-0.16745850307809615,0.7747037731878795,-0.5740189251694868,-0.22032259459711284,0.17766709943949024,0.32142220654575165,-0.6833460450992622,-0.416004472069611,0.28077109418229185
0.03320098997060366,0.9893105370799167,0.2878549964430986,0.9339461928513209,0.47454260058760583,-0.40772872360881063,-0.16745850307809615,0.7747037731878795,-0.5740189251694868,-0.29417585946034414,1.497982815548506,0.8553006586447435,-0.9957785862349157,-0.7088596058370267,0.6084637246271788
0.03320098997060366,0.9893105370799167,0.2878549964430986,0.9339461928513209,0.5488685500772308,-0.40772872360881063,-0.16745850307809615,0.7747037731878795,-0.5740189251694868,-0.29417585946034414,1.497982815548506,0.8553006586447435,-0.9957785862349157,-0.7088596058370267,0.6668029429260791
-0.8474197263783287,-1.3911755551957805,-1.1658488076491742,-0.06739817886558842,-0.9700489305184392,-0.40772872360881063,-0.7466941234812668,1.0689667111409094,-2.8343408873343985,-0.29417585946034414,-0.9049917877699027,-0.426007626392837,0.8788166605790049,0.7554160630000515,-1.0091462602053085
-0.8474197263783287,-1.311024508317811,-1.0720614654496714,-0.06739817886558842,-0.8366433801524455,-0.40772872360881063,-0.48121113079648026,1.0689667111409094,-1.9429463107059817,-0.3680291243235755,-0.7993665304811814,-1.4937645305908207,0.09773530773987128,0.02327822858151244,-0.768962457208772
-0.9126508905523248,-1.3591151364445921,-0.9782741232501719,0.7670554642318365,-0.6079481509535994,-0.40772872360881063,-0.48121113079648026,1.0689667111409094,-1.9429463107059817,-0.3680291243235755,-0.7993665304811814,-1.4937645305908207,0.09773530773987128,0.02327822858151244,-0.7006931591994205
-0.2766470398558717,-0.1808947473384395,-0.22797538565415656,-0.5680703647240446,-0.7889985407360193,-0.40772872360881063,-0.48121113079648026,1.0689667111409094,-1.9429463107059817,-0.17108708468829223,-0.5617097015815586,-0.6395590072324338,1.0350329311468316,0.9018436298837593,-0.7599012594729854
-0.2766470398558717,-0.1808947473384395,-0.22797538565415656,-0.5680703647240446,-0.703237829786452,-0.40772872360881063,-0.48121113079648026,1.0689667111409094,-1.9429463107059817,-0.17108708468829223,-0.5617097015815586,-1.4937645305908207,0.4101678488755247,0.3161333623489281,-0.6793434878219506
-0.2766470398558717,-0.1808947473384395,-0.22797538565415656,-0.5680703647240446,-0.4173687932878943,-0.40772872360881063,-0.48121113079648026,1.0689667111409094,-1.9429463107059817,-0.29417585946034414,-0.2448339297153948,0.21464651612595326,0.09773530773987128,0.16970579546522027,-0.4081281857302545
-0.3092626219428697,-0.1808947473384395,-0.22797538565415656,0.1829379140636367,-0.33160808233832695,-0.40772872360881063,-0.48121113079648026,1.0689667111409094,-1.9429463107059817,-0.29417585946034414,-0.5617097015815586,-0.6395590072324338,-0.21469723339578214,-0.8552871727207345,-0.49836778509897905
-0.3092626219428697,-0.1808947473384395,-0.22797538565415656,0.1829379140636367,-0.09338388525619552,-0.40772872360881063,-0.48121113079648026,1.0689667111409094,-1.9429463107059817,-0.614206673867679,0.20407341376167057,-0.6395590072324338,-0.21469723339578214,-0.2695769051859032,-0.24688851643180446
-0.3092626219428697,-0.060668177021485054,-0.22797538565415656,-0.35945695394968835,-0.5126584721207469,-0.40772872360881063,-0.48121113079648026,1.0689667111409094,-1.9429463107059817,-0.29417585946034414,-0.5617097015815586,-0.6395590072324338,0.4101678488755247,0.16970579546522027,-0.7180707986927101
-0.3092626219428697,-0.060668177021485054,-0.22797538565415656,-0.35945695394968835,-0.19820253197233334,-0.40772872360881063,-0.48121113079648026,1.0689667111409094,-1.9429463107059817,-0.29417585946034414,-0.2448339297153948,0.21464651612595326,-0.05848096282795543,0.02327822858151244,-0.3785861985916624
-0.3255704129863675,-0.05265307233368855,-0.22797538565415656,0.4332740069928647,-0.26490530715533017,-0.40772872360881063,-0.48121113079648026,1.0689667111409094,-1.9429463107059817,-0.29417585946034414,-0.5617097015815586,-0.6395590072324338,-0.37091350396360884,-0.2695769051859032,-0.6498015006833586
-0.3255704129863675,-0.05265307233368855,-0.22797538565415656,0.4332740069928647,0.17342721547579168,-0.40772872360881063,-0.48121113079648026,1.0689667111409094,-1.9429463107059817,-0.614206673867679,0.20407341376167057,-0.6395590072324338,-0.37091350396360884,-1.1481423064881502,-0.19289370800622652
-0.5212639055083533,-1.2469036708154366,-1.0720614654496714,0.26638327837338033,-1.0939255130011476,-0.40772872360881063,-0.8673682110652607,-1.0276567217744266,-0.7013610075449749,-0.29417585946034414,-1.089835988025165,-0.6395590072324338,1.5036817428503118,1.194698763651175,-0.9805972810377616
-0.5212639055083533,-1.2469036708154366,-1.0720614654496714,0.26638327837338033,-0.9891068662850098,-0.40772872360881063,-0.8673682110652607,-1.0276567217744266,-0.7013610075449749,-0.29417585946034414,-1.089835988025165,-0.6395590072324338,0.8788166605790049,1.0482711967674672,-0.8577125446209289
-0.5212639055083533,-1.2469036708154366,-1.0720614654496714,0.26638327837338033,-1.036751705701436,-0.40772872360881063,-0.8673682110652607,-1.0276567217744266,-0.7013610075449749,-0.29417585946034414,-1.089835988025165,-0.6395590072324338,0.8788166605790049,1.0482711967674672,-0.8390936451638331
-0.5212639055083533,-0.3652421551577706,-1.0720614654496714,2.1856266574974583,-0.5317164078873173,-0.40772872360881063,-0.8673682110652607,-1.0276567217744266,-0.7013610075449749,-0.29417585946034414,-1.089835988025165,-0.6395590072324338,0.8788166605790049,0.9018436298837593,-0.7857194667201584
-0.5212639055083533,-0.3652421551577706,-1.0720614654496714,2.1856266574974583,-0.5126584721207469,-0.40772872360881063,-0.8673682110652607,-1.0276567217744266,-0.7013610075449749,-0.29417585946034414,-1.089835988025165,-0.6395590072324338,0.253951578307698,0.16970579546522027,-0.664075990267132
-0.5212639055083533,-0.3652421551577706,-1.0720614654496714,2.1856266574974583,1.0500922607380354,-0.40772872360881063,-0.8673682110652607,-1.0276567217744266,-0.7013610075449749,-0.29417585946034414,-1.089835988025165,-0.6395590072324338,0.253951578307698,0.16970579546522027,-0.5548451134521698
-0.5212639055083533,-0.6377557145428655,-0.6969120966516636,-0.35945695394968835,-0.9109693296420706,-0.40772872360881063,-0.722559305964468,-0.5126965803566246,-0.7013610075449749,-0.29417585946034414,-0.8785854734477224,-0.6395590072324338,0.7226003900111782,0.9018436298837593,-0.7832369467925455
-0.5212639055083533,-0.6377557145428655,-0.6969120966516636,-0.442902318259432,-0.8576071094956732,-0.40772872360881063,-0.722559305964468,-0.5126965803566246,-0.7013610075449749,-0.29417585946034414,-0.8785854734477224,-0.6395590072324338,0.7226003900111782,0.9018436298837593,-0.7509641877335794
-0.5212639055083533,-0.6377557145428655,-0.6969120966516636,-0.35945695394968835,-0.5412453757706026,-0.40772872360881063,-0.4329414957628827,-0.21843364240359486,0.3173756514589299,3.0292210593850575,-1.2482738739582468,-1.280213149751224,1.347465472282485,0.7554160630000515,-0.664075990267132
-0.5212639055083533,-0.6377557145428655,-0.6969120966516636,-0.442902318259432,-0.5412453757706026,-0.40772872360881063,-0.4329414957628827,-0.21843364240359486,0.3173756514589299,3.0292210593850575,-1.2482738739582468,-1.280213149751224,1.9723305545537917,2.3661192987208377,-0.6777298498690024
-0.5212639055083533,-0.6377557145428655,-0.6969120966516636,-0.35945695394968835,-0.8861940131455289,-0.40772872360881063,-0.722559305964468,-0.5126965803566246,-0.7013610075449749,-0.29417585946034414,-0.8785854734477224,-0.6395590072324338,1.9723305545537917,2.3661192987208377,-0.6839361496880343
-0.5212639055083533,-0.6377557145428655,-0.6969120966516636,-0.442902318259432,-0.8328317929991315,-0.40772872360881063,-0.722559305964468,-0.5126965803566246,-0.7013610075449749,-0.29417585946034414,-0.8785854734477224,-0.6395590072324338,0.4101678488755247,0.46256092923263586,-0.6069780319320381
-0.5212639055083533,-0.6377557145428655,-0.6969120966516636,-0.442902318259432,-0.7985275086193045,-0.40772872360881063,-0.722559305964468,-0.5126965803566246,-0.7013610075449749,-0.29417585946034414,-0.8785854734477224,-0.6395590072324338,0.4101678488755247,0.46256092923263586,-0.49526463518946306
-0.7169573980303391,-0.4453932020357402,-0.8844867810506692,-0.5263476825691727,-0.7432594948962501,-0.40772872360881063,-0.722559305964468,-0.5126965803566246,-0.7013610075449749,-0.29417585946034414,-0.8785854734477224,-0.6395590072324338,0.5663841194433514,0.46256092923263586,-0.6442158308462299
-0.7169573980303391,-0.4453932020357402,-0.8844867810506692,-0.5263476825691727,-0.6765567197132533,-0.40772872360881063,-0.722559305964468,-0.5126965803566246,-0.7013610075449749,-0.29417585946034414,-0.8785854734477224,-0.6395590072324338,0.5663841194433514,0.46256092923263586,-0.6218731514977148
-0.7169573980303391,-0.4453932020357402,-0.8844867810506692,-0.5263476825691727,-0.5603033115371732,-0.40772872360881063,-0.722559305964468,-0.3287822441359802,-0.5421834045756141,-0.19570483964270252,0.2304797280838509,3.204365847880308,0.09773530773987128,-0.2695769051859032,-0.4902995953342375
-0.7169573980303391,-0.4453932020357402,-0.8844867810506692,-0.5263476825691727,-0.49360053635417633,-0.40772872360881063,-0.722559305964468,-0.3287822441359802,-0.5421834045756141,-0.19570483964270252,0.2304797280838509,3.204365847880308,0.09773530773987128,-0.2695769051859032,-0.46050935620288413
-0.0809535473338859,0.15573964954903205,-0.13418804345466046,-0.7766837754984007,-0.036210077956483976,-0.40772872360881063,0.43591193484187335,1.0689667111409094,0.7949084603670096,-0.22032259459711284,0.33610498537257216,-0.6395590072324338,-0.21469723339578214,-0.12314933830219538,-0.5956825662614
-0.0809535473338859,0.15573964954903205,-0.13418804345466046,-0.7766837754984007,-0.04383325226311218,-0.40772872360881063,0.43591193484187335,1.0689667111409094,0.7949084603670096,-0.22032259459711284,0.33610498537257216,-0.6395590072324338,-0.21469723339578214,-0.12314933830219538,-0.4479726305684396
-0.0809535473338859,0.15573964954903205,-0.13418804345466046,-0.7766837754984007,-0.015246348613256413,-0.40772872360881063,0.43591193484187335,1.0689667111409094,0.7949084603670096,-0.22032259459711284,0.33610498537257216,-0.6395590072324338,-0.21469723339578214,-0.12314933830219538,-0.404528531835216
-0.0809535473338859,0.15573964954903205,-0.13418804345466046,-0.7766837754984007,0.2286952291988462,-0.40772872360881063,0.43591193484187335,1.0689667111409094,0.7949084603670096,-0.22032259459711284,0.33610498537257216,-0.6395590072324338,-0.21469723339578214,-0.12314933830219538,-0.2543360762146428
-0.0809535473338859,0.15573964954903205,-0.13418804345466046,-0.7766837754984007,0.295398004381843,-0.40772872360881063,0.43591193484187335,1.0689667111409094,0.7949084603670096,-0.22032259459711284,0.33610498537257216,-0.6395590072324338,-0.21469723339578214,-0.12314933830219538,-0.21089197748141916
-0.0809535473338859,0.15573964954903205,-0.13418804345466046,-0.35945695394968835,0.7928101278893334,-0.40772872360881063,0.43591193484187335,1.0689667111409094,0.7949084603670096,-0.22032259459711284,0.33610498537257216,-0.6395590072324338,-0.21469723339578214,-0.12314933830219538,0.5487591203680915
0.5713580944060651,0.10764902142225072,0.2878549964430986,0.4332740069928647,-0.444049903361093,-0.40772872360881063,-0.14332368556129738,-0.07130217342708002,0.9222505427424976,-0.3680291243235755,-0.29764655835975545,-1.9208672922700143,0.5663841194433514,0.46256092923263586,-0.5337436940674611
0.5713580944060651,0.10764902142225072,0.2878549964430986,0.4332740069928647,-0.15055769255590706,-0.40772872360881063,-0.4329414957628827,-0.21843364240359486,0.3173756514589299,3.0292210593850575,-0.7993665304811814,-1.280213149751224,0.7226003900111782,0.3161333623489281,-0.3165232004013429
0.5713580944060651,0.10764902142225072,0.2878549964430986,0.016047185444152286,-0.27634006861527244,-0.40772872360881063,-0.14332368556129738,-0.07130217342708002,0.9222505427424976,-0.3680291243235755,-0.29764655835975545,-1.9208672922700143,0.253951578307698,0.16970579546522027,-0.4046526578315966
0.5713580944060651,0.10764902142225072,0.2878549964430986,0.4332740069928647,-0.27634006861527244,-0.40772872360881063,-0.14332368556129738,-0.07130217342708002,0.9222505427424976,-0.3680291243235755,-0.29764655835975545,-1.9208672922700143,0.253951578307698,0.16970579546522027,-0.29169800112521516
0.5713580944060651,0.10764902142225072,0.2878549964430986,0.016047185444152286,-0.1924851512423622,-0.40772872360881063,-0.14332368556129738,-0.07130217342708002,0.9222505427424976,-0.3680291243235755,-0.29764655835975545,-1.9208672922700143,0.253951578307698,0.16970579546522027,-0.2482539023919915
0.652897049623559,0.7408422917582113,0.8505790496401084,-0.7766837754984007,0.7947159214659905,1.5554095752484243,1.0392823727618428,-0.21843364240359486,0.3173756514589299,-0.22032259459711284,1.5243891298706864,0.21464651612595326,-0.8395623156670889,-1.0017147396044424,0.4108551383892015
0.652897049623559,0.7408422917582113,0.8505790496401084,-0.7766837754984007,0.8709476645322726,1.5554095752484243,1.0392823727618428,-0.21843364240359486,0.3173756514589299,-0.22032259459711284,1.5243891298706864,0.21464651612595326,-0.9957785862349157,-1.0017147396044424,0.3413445804160437
0.9138217063195384,1.0854917933334816,0.2878549964430986,0.09949254975389596,1.0901139258478334,1.5554095752484243,1.0392823727618428,-0.21843364240359486,0.3173756514589299,-0.24494034955152355,1.392357558259785,0.21464651612595326,-0.8395623156670889,-1.0017147396044424,0.3031137735308069
0.9138217063195384,1.0854917933334816,0.2878549964430986,0.09949254975389596,1.1282297973809745,1.5554095752484243,0.797934197593855,-0.21843364240359486,0.3173756514589299,-0.24494034955152355,1.392357558259785,0.21464651612595326,-0.9957785862349157,-1.0017147396044424,0.3105613333136452
-0.2603392488123738,-0.2049400614018313,-0.1810817145544085,0.7670554642318365,-0.5679264858438013,-0.40772872360881063,-0.7466941234812668,-1.1747881907509414,0.47655325442828933,3.1523098341571094,-1.3538991312469681,-0.6395590072324338,1.8161142839859652,2.2196917318371296,-0.6793434878219506
-0.2603392488123738,-0.2049400614018313,-0.1810817145544085,0.7670554642318365,-0.667027751829968,-0.40772872360881063,-0.4570763132796815,-0.5126965803566246,0.47655325442828933,-0.29417585946034414,-0.48249075861501767,0.32142220654575165,0.253951578307698,0.46256092923263586,-0.654518288545823
-0.2603392488123738,-0.2049400614018313,-0.1810817145544085,0.7670554642318365,-0.5622091051138302,-0.40772872360881063,-0.7466941234812668,-1.1747881907509414,0.47655325442828933,3.1523098341571094,-1.3538991312469681,-0.6395590072324338,1.8161142839859652,2.2196917318371296,-0.6520357686182101
-0.2603392488123738,-0.2049400614018313,-0.1810817145544085,0.7670554642318365,-0.6613103710999969,-0.40772872360881063,-0.4570763132796815,-0.5126965803566246,0.47655325442828933,-0.29417585946034414,-0.48249075861501767,0.32142220654575165,0.253951578307698,0.46256092923263586,-0.6272105693420823
-0.2603392488123738,-0.2049400614018313,-0.1810817145544085,0.7670554642318365,-0.5412453757706026,-0.40772872360881063,-0.4570763132796815,-0.5126965803566246,0.47655325442828933,-0.29417585946034414,-0.48249075861501767,0.32142220654575165,0.253951578307698,0.46256092923263586,-0.5899727704278906
-0.2603392488123738,-0.2049400614018313,-0.1810817145544085,0.7670554642318365,-0.4573904583976924,-0.40772872360881063,-0.7466941234812668,-1.1747881907509414,0.47655325442828933,3.1523098341571094,-0.9313981020920831,-1.280213149751224,1.8161142839859652,1.6339814643022985,-0.4658467740472516
-0.2603392488123738,-0.2049400614018313,-0.1810817145544085,0.7670554642318365,-0.49360053635417633,-0.40772872360881063,-0.4570763132796815,-0.5126965803566246,0.47655325442828933,-0.047998309916240336,-0.08639604378231291,0.8553006586447435,0.09773530773987128,0.16970579546522027,-0.40378377585693215
-0.7169573980303391,-1.198813042688653,-0.7906994388511664,0.7253327820769646,-0.5812670408804007,-0.40772872360881063,-0.4570763132796815,-0.5126965803566246,0.47655325442828933,-0.41726463423239607,-0.3504591870041161,0.8553006586447435,-0.21469723339578214,-0.2695769051859032,-0.20518218164790977
-0.7169573980303391,-0.6858463426696491,-0.8844867810506692,-1.0270198684276288,-0.6441582289100835,-0.40772872360881063,-0.4570763132796815,-0.5126965803566246,0.47655325442828933,-0.41726463423239607,-0.3504591870041161,0.8553006586447435,-0.21469723339578214,-0.2695769051859032,-0.4056456658026417
0.2452022735360896,0.47634383706091055,0.47542968084210413,0.5167193713026084,0.19439094481901925,0.5738404258198068,0.19456375967388553,-0.5126965803566246,0.47655325442828933,-0.41726463423239607,0.17766709943949024,0.8553006586447435,-0.9957785862349157,-1.0017147396044424,0.005832012199176512
0.2452022735360896,0.47634383706091055,0.47542968084210413,0.5167193713026084,0.03811587153314103,-0.40772872360881063,-0.7466941234812668,-1.1747881907509414,0.47655325442828933,3.1523098341571094,-0.9313981020920831,-1.280213149751224,1.1912492017146583,1.0482711967674672,0.07410131020852795
0.2452022735360896,0.708781873007023,0.47542968084210413,0.5167193713026084,0.007623174306628206,-0.40772872360881063,-0.4570763132796815,-0.5126965803566246,0.47655325442828933,-0.29417585946034414,-0.4032718156484767,0.8553006586447435,-0.05848096282795543,0.02327822858151244,-0.11891461416336567
0.8812061242325404,1.1656428402114511,0.6161106941413549,0.9756688750061927,0.6727451325599392,-0.40772872360881063,0.31523784725787946,1.657492587046967,-0.3193347604185106,-0.17108708468829223,0.2832923567282115,0.6417492778051468,-0.37091350396360884,-0.416004472069611,-0.03823271651595033
0.8812061242325404,1.1656428402114511,0.6161106941413549,1.5180637430195176,0.9052519489120995,-0.40772872360881063,0.31523784725787946,1.657492587046967,-0.3193347604185106,-0.17108708468829223,0.2832923567282115,0.6417492778051468,-0.37091350396360884,-0.416004472069611,0.02072713176485319
0.8812061242325404,1.1656428402114511,0.6161106941413549,0.9756688750061927,0.7165783848230514,-0.40772872360881063,0.31523784725787946,1.657492587046967,-0.3193347604185106,-0.17108708468829223,0.2832923567282115,0.6417492778051468,-0.21469723339578214,-0.416004472069611,0.3397309424630954
0.8812061242325404,1.1656428402114511,0.6161106941413549,1.5180637430195176,0.9204982975253558,-0.40772872360881063,0.31523784725787946,1.657492587046967,-0.3193347604185106,-0.17108708468829223,0.2832923567282115,0.6417492778051468,-0.21469723339578214,-0.416004472069611,0.40551772054483404
0.8812061242325404,1.1656428402114511,0.6161106941413549,0.9756688750061927,0.926215678255327,-0.40772872360881063,0.04975485457309286,1.0689667111409094,-0.3193347604185106,-0.6634421837764999,1.5507954441928666,0.001095135286356508,-1.3082111273705692,-1.2945698733718578,0.6419777436499513
0.8812061242325404,1.1656428402114511,0.6161106941413549,1.5180637430195176,1.1396645588409169,-0.40772872360881063,0.04975485457309286,1.0689667111409094,-0.3193347604185106,-0.6634421837764999,1.5507954441928666,0.001095135286356508,-1.3082111273705692,-1.2945698733718578,0.70776452173169
1.6639800943204812,1.1656428402114511,1.4133031028371184,0.6836100999220928,0.7489768756262213,-0.40772872360881063,0.31523784725787946,1.657492587046967,-0.3193347604185106,-0.17108708468829223,0.2832923567282115,0.6417492778051468,-0.37091350396360884,-0.416004472069611,0.4464792993504449
1.6639800943204812,1.1656428402114511,1.3664094317373636,0.6836100999220928,0.9338388525619552,-0.40772872360881063,0.31523784725787946,1.657492587046967,-0.3193347604185106,-0.3680291243235755,1.497982815548506,0.42819789696555,-0.9957785862349157,-0.8552871727207345,0.7195564913878507
1.6639800943204812,1.1656428402114511,1.4133031028371184,0.6836100999220928,0.8633244902256443,1.5554095752484243,1.0875520077954404,0.9218352421643944,-1.2107293370469259,-0.3434113693691647,0.8114186431718179,0.8553006586447435,-1.1519948568027425,-1.1481423064881502,1.0224239225566099
1.6639800943204812,1.1656428402114511,1.4133031028371184,0.6836100999220928,1.2540121734403398,1.5554095752484243,0.41177711732507455,-1.1747881907509414,0.47655325442828933,3.1523098341571094,0.07204184215076899,-0.6395590072324338,0.09773530773987128,-0.5624320389533188,1.144688028991539
1.6639800943204812,1.1656428402114511,1.4133031028371184,0.6836100999220928,0.958614169058497,-0.40772872360881063,0.31523784725787946,1.657492587046967,-0.3193347604185106,-0.17108708468829223,0.2832923567282115,0.6417492778051468,-0.9957785862349157,-0.8552871727207345,1.1639275584305382
